Am-241: 41 - 0.0594 MeV
Co-60: 792 - 1.1732 MeV
Cs-137: 447 - 0.6616 MeV

Energie = 1483093.9468923*Count - 1386750.67404823